46	46	46	46	
46	346	
346	346	346	346	
3463	
3463	3463	3463	3463	
34534	34534	34534	
34534	34534	45345	
45345	45345	45345	45345	
46346	46346	46346	
46346	46346	346346	
346346	346346	346346	
346346	434235	434235	
434235	434235	434235	
2134234	2134234	
2134234	2134234	2134234	
2342342	2342342	
2342342	2342342	2342342	
3453445	3453445	
3453445	3453445	3453445	
3463463	3463463	
3463463	3463463	3463463	
3463463	3463463	
3463463	3463463	3463463	
6345636	6345636	
6345636	6345636	6345636	
46436346	46436346	
46436346	46436346	
46436346	346346346	
346346346	346346346	
346346346	346346346	